Property / RMSE / MAE / R2 / Mean / Std
energy: 515.1366 512.27277 -1.3023667335510254 -17094.05 339.49637
forces: 75.99896 60.09032 0.9854099927470088 1.4899873e-08 629.18726
stress_all: 1.4273299 1.1421894 0.9502977952361107 -3.9020834 6.402308
stress_0: 1.931308 1.6822877 0.44040411710739136 -12.798583 2.5817506
stress_1: 1.9259739 1.6847845 0.44790273904800415 -12.825198 2.5920453
stress_2: 1.3907013 1.1458305 0.9163803979754448 -9.411363 4.8092775
stress_3: 1.3463981 1.0738838 0.7927390187978745 -0.0676284 2.9574316
stress_4: 1.3633399 1.0932648 0.7830106616020203 0.008020348 2.9267454
stress_5: 0.899748 0.7162515 0.9097063392400742 0.017805612 2.994279
