Property / RMSE / MAE / R2 / Mean / Std
energy: 444.83585 379.65112 0.9975167231168598 -4196.062 8926.624
forces: 199.2347 146.16594 0.9788781106472015 5.6210325e-08 1370.8773
