Property / RMSE / MAE / R2 / Mean / Std
energy: 796.86523 794.2585 -6.397255897521973 -16947.754 292.98782
forces: 88.4459 69.797424 0.980078699067235 5.5050887e-08 626.6411
stress_all: 1.3339317 1.0314524 0.9553505592048168 -3.8751602 6.312852
stress_0: 2.1627026 1.9915302 0.20726168155670166 -12.679887 2.4290245
stress_1: 2.2167392 2.0349948 0.18231147527694702 -12.707118 2.4514365
stress_2: 0.78106105 0.6213448 0.9688892792910337 -9.337149 4.4282274
stress_3: 1.1061829 0.88431495 0.8657756894826889 -0.07426766 3.0193355
stress_4: 1.0806338 0.8610673 0.865161657333374 -0.012712028 2.9428751
stress_5: 0.7177298 0.5722187 0.9404592737555504 0.010835179 2.9413986
