Property / RMSE / MAE / R2 / Mean / Std
energy: 546.05414 435.02966 0.9335028678178787 10893.254 2117.5527
forces: 347.40936 272.42633 0.967355515807867 8.212825e-09 1922.8112
stress_all: 4.8328276 3.3816285 0.9849358526989818 -26.308807 39.375767
stress_0: 3.9300103 3.1279113 0.8604527860879898 -89.28836 10.520421
stress_1: 3.9717515 3.166778 0.8514758944511414 -89.190575 10.305844
stress_2: 11.483524 10.729403 0.24580425024032593 -58.290207 13.223096
stress_3: 2.8286955 2.256344 0.8958773985505104 0.021127734 8.766248
stress_4: 2.8349395 2.259618 0.8968228399753571 0.035202887 8.825758
stress_5: 2.7420855 2.1893208 0.9042675197124481 -0.061375313 8.8624
