Property / RMSE / MAE / R2 / Mean / Std
energy: 506.25806 503.28323 -1.9856903553009033 -16947.754 292.98782
forces: 76.480484 60.473457 0.9851042125374079 5.5050887e-08 626.6411
stress_all: 1.1750225 0.9261845 0.9653549529612064 -3.8751602 6.312852
stress_0: 1.3497508 1.0787418 0.6912240982055664 -12.679887 2.4290245
stress_1: 1.4559333 1.1607921 0.6472705900669098 -12.707118 2.4514365
stress_2: 1.1656575 0.924741 0.9307081624865532 -9.337149 4.4282274
stress_3: 1.197055 0.9581194 0.8428170531988144 -0.07426766 3.0193355
stress_4: 1.1709249 0.9332149 0.8416877835988998 -0.012712028 2.9428751
stress_5: 0.8711376 0.69435817 0.9122866317629814 0.010835179 2.9413986
