Property / RMSE / MAE / R2 / Mean / Std
energy: 747.24225 653.82263 0.9962244897615165 -1477.804 12161.121
forces: 238.78181 174.26465 0.9669496864080429 -2.5431316e-08 1313.4497
stress_all: 2.3437345 1.7345283 0.9211883246898651 3.2287452 8.34859
stress_0: 2.6969056 2.0488527 0.8970959931612015 9.073166 8.407166
stress_1: 2.6499777 2.034112 0.8987791016697884 9.056188 8.329274
stress_2: 3.6805086 2.8195136 0.8848064616322517 9.488045 10.844107
stress_3: 1.9494166 1.5151712 0.8942876681685448 0.25942335 5.995727
stress_4: 1.8972393 1.4593785 0.8858457282185555 0.39627957 5.6153393
stress_5: 1.843436 1.3795893 0.9077604860067368 0.06495167 6.0697327
