Property / RMSE / MAE / R2 / Mean / Std
energy: 719.3168 715.69885 -5.0275559425354 -16947.754 292.98782
forces: 98.9642 78.36254 0.9750587344169617 5.5050887e-08 626.6411
stress_all: 1.1995411 0.933821 0.9638940244913101 -3.8751602 6.312852
stress_0: 1.0228728 0.8135061 0.822671115398407 -12.679887 2.4290245
stress_1: 1.0752578 0.850959 0.8076093792915344 -12.707118 2.4514365
stress_2: 2.1198852 1.880375 0.7708262652158737 -9.337149 4.4282274
stress_3: 1.1065392 0.88446057 0.8656892329454422 -0.07426766 3.0193355
stress_4: 1.0845044 0.8640335 0.8641939908266068 -0.012712028 2.9428751
stress_5: 0.85222405 0.6812804 0.9160540401935577 0.010835179 2.9413986
