Property / RMSE / MAE / R2 / Mean / Std
energy: 1158.5548 1156.5826 -10.645628929138184 -17094.05 339.49637
forces: 92.922714 73.2926 0.9781885799020529 1.4899873e-08 629.18726
stress_all: 1.6594205 1.2483943 0.9328200370073318 -3.9020834 6.402308
stress_0: 2.9352095 2.7612517 -0.2925567626953125 -12.798583 2.5817506
stress_1: 2.9477563 2.7778642 -0.293296217918396 -12.825198 2.5920453
stress_2: 0.7501308 0.5975946 0.9756715577095747 -9.411363 4.8092775
stress_3: 1.1601715 0.9255243 0.8461083918809891 -0.0676284 2.9574316
stress_4: 1.1623799 0.93003696 0.8422656506299973 0.008020348 2.9267454
stress_5: 0.8721862 0.69385624 0.9151535108685493 0.017805612 2.994279
