Property / RMSE / MAE / R2 / Mean / Std
energy: 542.08234 429.34036 0.9338032603263855 10360.837 2106.9148
forces: 300.02695 235.2378 0.9749614279717207 6.002907e-09 1896.0748
stress_all: 4.2075467 3.1092336 0.9880936583504081 -25.708185 38.56024
stress_0: 6.5419354 5.237081 0.6017939150333405 -87.77223 10.3669815
stress_1: 6.4655375 5.206462 0.6185157597064972 -87.75365 10.468062
stress_2: 5.3984547 4.3275175 0.8323062658309937 -55.50884 13.182902
stress_3: 2.7646682 2.214947 0.898341178894043 -0.11365082 8.671026
stress_4: 2.8115873 2.2418933 0.8958066031336784 -0.04500673 8.710267
stress_5: 2.6917267 2.1491804 0.9042532220482826 -0.010818343 8.698991
