Property / RMSE / MAE / R2 / Mean / Std
energy: 806.864 655.1821 0.853341668844223 10360.837 2106.9148
forces: 339.69962 267.50427 0.9679019153118134 6.002907e-09 1896.0748
stress_all: 3.4892116 2.7543585 0.9918120512738824 -25.708185 38.56024
stress_0: 4.5476637 3.751755 0.8075703084468842 -87.77223 10.3669815
stress_1: 4.5643506 3.747497 0.8098810613155365 -87.75365 10.468062
stress_2: 4.0504966 3.2560992 0.9055951163172722 -55.50884 13.182902
stress_3: 2.94136 2.344103 0.884931780397892 -0.11365082 8.671026
stress_4: 2.990177 2.3901908 0.8821496665477753 -0.04500673 8.710267
stress_5: 2.8692153 2.2826416 0.8912101164460182 -0.010818343 8.698991
