Property / RMSE / MAE / R2 / Mean / Std
energy: 507.27847 402.31412 0.9426115602254868 10893.254 2117.5527
forces: 311.87857 244.8463 0.9736913945525885 8.212825e-09 1922.8112
stress_all: 4.197782 3.164447 0.9886346776038408 -26.308807 39.375767
stress_0: 5.998295 4.960423 0.6749206483364105 -89.28836 10.520421
stress_1: 5.953325 4.9176836 0.666303277015686 -89.190575 10.305844
stress_2: 6.302038 5.141516 0.7728588581085205 -58.290207 13.223096
stress_3: 2.8456094 2.270888 0.8946285024285316 0.021127734 8.766248
stress_4: 2.844693 2.2626874 0.8961116820573807 0.035202887 8.825758
stress_5: 2.7454965 2.1966264 0.9040291905403137 -0.061375313 8.8624
