Property / RMSE / MAE / R2 / Mean / Std
energy: 1155.4406 920.5532 0.9925797311589122 2730.3608 13413.366
forces: 278.00772 213.95279 0.9629157334566116 -2.0333597e-07 1443.6503
stress_all: 5.236296 3.3053212 0.8568481057882309 3.1680655 13.839668
stress_0: 7.7102985 5.896918 0.8343557715415955 10.058262 18.944494
stress_1: 10.812079 7.7450304 0.6868351399898529 9.484316 19.320694
stress_2: 5.642782 4.503549 0.9130869507789612 11.447539 19.14039
stress_3: 2.2285373 1.7021024 0.9205575436353683 -0.0867474 7.906669
stress_4: 3.0670893 2.3800774 0.8500436097383499 -0.8670247 7.920342
stress_5: 2.217159 1.719018 0.9304092451930046 -0.2849906 8.404678
