Property / RMSE / MAE / R2 / Mean / Std
energy: 1335.341 1333.6139 -14.470845222473145 -17094.05 339.49637
forces: 94.76191 74.80264 0.9773166216909885 1.4899873e-08 629.18726
stress_all: 1.3286237 1.0392003 0.9569343701004982 -3.9020834 6.402308
stress_0: 1.0894364 0.8685074 0.8219363838434219 -12.798583 2.5817506
stress_1: 1.102023 0.88063025 0.8192425668239594 -12.825198 2.5920453
stress_2: 2.4827545 2.343775 0.733493447303772 -9.411363 4.8092775
stress_3: 1.181387 0.9432729 0.8404286503791809 -0.0676284 2.9574316
stress_4: 1.1834949 0.94698834 0.8364830017089844 0.008020348 2.9267454
stress_5: 0.9298121 0.7396849 0.9035713970661163 0.017805612 2.994279
