Property / RMSE / MAE / R2 / Mean / Std
energy: 549.6103 435.23276 0.9326339289546013 10893.254 2117.5527
forces: 307.85623 241.31734 0.9743656292557716 8.212825e-09 1922.8112
stress_all: 7.6066723 5.2020593 0.9626808799803257 -26.308807 39.375767
stress_0: 14.672974 14.069066 -0.945225715637207 -89.28836 10.520421
stress_1: 14.589857 13.976864 -1.0041718482971191 -89.190575 10.305844
stress_2: 6.8739557 5.6100993 0.7297615110874176 -58.290207 13.223096
stress_3: 2.7820385 2.2177925 0.8992839083075523 0.021127734 8.766248
stress_4: 2.7710092 2.2088218 0.9014238342642784 0.035202887 8.825758
stress_5: 2.6930819 2.154641 0.9076585993170738 -0.061375313 8.8624
