Property / RMSE / MAE / R2 / Mean / Std
energy: 748.41327 745.9711 -3.859736442565918 -17094.05 339.49637
forces: 82.846756 65.566086 0.9826623126864433 1.4899873e-08 629.18726
stress_all: 1.1306022 0.88488954 0.9688149411231279 -3.9020834 6.402308
stress_0: 1.2395017 0.97727644 0.7695027887821198 -12.798583 2.5817506
stress_1: 1.2187979 0.964941 0.7789053469896317 -12.825198 2.5920453
stress_2: 1.5817827 1.3307965 0.8918232321739197 -9.411363 4.8092775
stress_3: 1.1089145 0.88267463 0.8594060391187668 -0.0676284 2.9574316
stress_4: 1.119378 0.8978287 0.8537204563617706 0.008020348 2.9267454
stress_5: 0.7124202 0.56499195 0.9433906748890877 0.017805612 2.994279
