Property / RMSE / MAE / R2 / Mean / Std
energy: 569.84326 487.75546 0.9978043476585299 -1477.804 12161.121
forces: 199.7989 144.14287 0.9768602158874273 -2.5431316e-08 1313.4497
stress_all: 2.214521 1.6705853 0.9296387806534767 3.2287452 8.34859
stress_0: 2.5944767 1.9676398 0.9047641828656197 9.073166 8.407166
stress_1: 2.4882202 1.9016951 0.9107592180371284 9.056188 8.329274
stress_2: 3.1475692 2.4069853 0.9157513380050659 9.488045 10.844107
stress_3: 1.986231 1.556236 0.890257254242897 0.25942335 5.995727
stress_4: 1.919838 1.5030969 0.8831100612878799 0.39627957 5.6153393
stress_5: 1.738591 1.3201398 0.9179543182253838 0.06495167 6.0697327
