Property / RMSE / MAE / R2 / Mean / Std
energy: 1150.6682 1013.0464 0.9910473208874464 -1477.804 12161.121
forces: 249.48436 185.45389 0.9639205634593964 -2.5431316e-08 1313.4497
stress_all: 2.3744261 1.7785636 0.9191107004880905 3.2287452 8.34859
stress_0: 2.4101489 1.9022933 0.9178157672286034 9.073166 8.407166
stress_1: 2.5889082 2.0192537 0.9033906906843185 9.056188 8.329274
stress_2: 3.990724 3.2088845 0.8645697087049484 9.488045 10.844107
stress_3: 1.9633347 1.5222031 0.8927727937698364 0.25942335 5.995727
stress_4: 1.8863739 1.4487578 0.8871494978666306 0.39627957 5.6153393
stress_5: 1.9336202 1.4673595 0.8985146805644035 0.06495167 6.0697327
