Property / RMSE / MAE / R2 / Mean / Std
energy: 610.8763 546.76025 0.9953169147484004 -4196.062 8926.624
forces: 236.37587 175.29434 0.9702690318226814 5.6210325e-08 1370.8773
