Property / RMSE / MAE / R2 / Mean / Std
energy: 1688.5477 1686.3975 -23.737531661987305 -17094.05 339.49637
forces: 114.91301 90.36198 0.966643650084734 1.4899873e-08 629.18726
stress_all: 2.299203 1.3838109 0.8710321336984634 -3.9020834 6.402308
stress_0: 0.69111073 0.5478267 0.9283416718244553 -12.798583 2.5817506
stress_1: 0.6898773 0.5470956 0.9291632696986198 -12.825198 2.5920453
stress_2: 6.3123584 6.290532 -0.7227554321289062 -9.411363 4.8092775
stress_3: 1.1191386 0.8914449 0.8568015545606613 -0.0676284 2.9574316
stress_4: 1.1229979 0.89922184 0.8527728468179703 0.008020348 2.9267454
stress_5: 0.9355188 0.7437545 0.9023841097950935 0.017805612 2.994279
