Property / RMSE / MAE / R2 / Mean / Std
energy: 991.3786 988.8868 -7.527246475219727 -17094.05 339.49637
forces: 103.278725 81.6243 0.973056010901928 1.4899873e-08 629.18726
stress_all: 1.5548958 1.1259806 0.941016647964716 -3.9020834 6.402308
stress_0: 1.0469645 0.8320284 0.8355494439601898 -12.798583 2.5817506
stress_1: 1.0348504 0.8214166 0.8406067490577698 -12.825198 2.5920453
stress_2: 3.6285698 3.535414 0.4307391047477722 -9.411363 4.8092775
stress_3: 1.0857633 0.86363834 0.8652151823043823 -0.0676284 2.9574316
stress_4: 1.0940205 0.8779723 0.8602727800607681 0.008020348 2.9267454
stress_5: 0.9149352 0.7308723 0.9066324159502983 0.017805612 2.994279
