Property / RMSE / MAE / R2 / Mean / Std
energy: 717.63776 573.6046 0.8839843347668648 10360.837 2106.9148
forces: 378.69437 298.203 0.9601097516715527 6.002907e-09 1896.0748
stress_all: 4.354815 3.3170762 0.9872456034645438 -25.708185 38.56024
stress_0: 4.197196 3.3269827 0.8360868245363235 -87.77223 10.3669815
stress_1: 4.166419 3.326197 0.841586098074913 -87.75365 10.468062
stress_2: 8.504303 7.655111 0.5838447213172913 -55.50884 13.182902
stress_3: 3.2801573 2.6223927 0.8568971306085587 -0.11365082 8.671026
stress_4: 3.30774 2.6391432 0.8557885438203812 -0.04500673 8.710267
stress_5: 3.1606872 2.5111625 0.8679843991994858 -0.010818343 8.698991
