Property / RMSE / MAE / R2 / Mean / Std
energy: 755.992 680.48755 0.6661822497844696 -2496.5881 1308.4661
forces: 258.15247 203.00566 0.9680153355002403 9.629486e-08 1443.462
stress_all: 3.9130313 2.8152132 0.9750489480793476 -16.395992 24.772448
stress_0: 3.4559038 2.856926 0.7556899189949036 -54.73705 6.991832
stress_1: 3.4623492 2.8523316 0.748313307762146 -54.759594 6.901456
stress_2: 9.10934 8.73906 0.4258645176887512 -37.981205 12.022082
stress_3: 2.271978 1.8172475 0.8784317448735237 0.031565525 6.516194
stress_4: 2.2934206 1.8314553 0.8753824084997177 -0.05990683 6.4967184
stress_5: 2.2418518 1.7955974 0.8939706161618233 -0.014705408 6.884839
