Property / RMSE / MAE / R2 / Mean / Std
energy: 589.5523 468.38654 0.9217019900679588 10360.837 2106.9148
forces: 333.61264 261.39465 0.9690419174730778 6.002907e-09 1896.0748
stress_all: 4.8096333 3.5473154 0.9844423355534673 -25.708185 38.56024
stress_0: 8.205809 7.2068605 0.3734753131866455 -87.77223 10.3669815
stress_1: 8.1704645 7.2019672 0.3907986283302307 -87.75365 10.468062
stress_2: 5.3291616 4.2931037 0.8365835696458817 -55.50884 13.182902
stress_3: 2.765709 2.2138302 0.8982646316289902 -0.11365082 8.671026
stress_4: 2.815112 2.247911 0.8955451995134354 -0.04500673 8.710267
stress_5: 2.6975377 2.150213 0.9038393869996071 -0.010818343 8.698991
