Property / RMSE / MAE / R2 / Mean / Std
energy: 445.92627 378.2253 0.883854828774929 -2496.5881 1308.4661
forces: 212.66393 167.24193 0.9782941453158855 9.629486e-08 1443.462
stress_all: 2.9957213 2.2848184 0.985376039519906 -16.395992 24.772448
stress_0: 3.9894867 3.241574 0.6744242310523987 -54.73705 6.991832
stress_1: 3.9790773 3.241848 0.6675829291343689 -54.759594 6.901456
stress_2: 4.394608 3.408855 0.8663771003484726 -37.981205 12.022082
stress_3: 2.2637982 1.8124181 0.879305511713028 0.031565525 6.516194
stress_4: 2.273496 1.8189099 0.8775382786989212 -0.05990683 6.4967184
stress_5: 2.1354547 1.7042167 0.9037959948182106 -0.014705408 6.884839
