Property / RMSE / MAE / R2 / Mean / Std
energy: 644.4396 641.3876 -3.8379926681518555 -16947.754 292.98782
forces: 84.87338 66.96302 0.9816555250436068 5.5050887e-08 626.6411
stress_all: 1.2928357 1.024612 0.9580593220889568 -3.8751602 6.312852
stress_0: 1.4974359 1.2756004 0.6199570000171661 -12.679887 2.4290245
stress_1: 1.5697714 1.3302442 0.5899549722671509 -12.707118 2.4514365
stress_2: 2.0813189 1.9253705 0.7790890038013458 -9.337149 4.4282274
stress_3: 1.1371857 0.91035366 0.858146533370018 -0.07426766 3.0193355
stress_4: 1.108992 0.88283634 0.8579918891191483 -0.012712028 2.9428751
stress_5: 0.69221467 0.55195606 0.9446173422038555 0.010835179 2.9413986
