Property / RMSE / MAE / R2 / Mean / Std
energy: 980.32056 978.25854 -7.338077545166016 -17094.05 339.49637
forces: 88.9845 70.21532 0.9799982104450464 1.4899873e-08 629.18726
stress_all: 1.3394784 1.0347514 0.9562278091907501 -3.9020834 6.402308
stress_0: 2.2054553 2.0153646 0.27026039361953735 -12.798583 2.5817506
stress_1: 2.2028666 2.0209942 0.2777438759803772 -12.825198 2.5920453
stress_2: 0.8276352 0.65704006 0.9703845530748367 -9.411363 4.8092775
stress_3: 1.0769587 0.85613364 0.8673923313617706 -0.0676284 2.9574316
stress_4: 1.0817641 0.86749953 0.8633860051631927 0.008020348 2.9267454
stress_5: 0.7369128 0.58604854 0.9394313804805279 0.017805612 2.994279
