Property / RMSE / MAE / R2 / Mean / Std
energy: 811.2854 808.16547 -6.66740083694458 -16947.754 292.98782
forces: 102.590836 81.073616 0.9731972478330135 5.5050887e-08 626.6411
stress_all: 1.5425545 1.1175739 0.9402923695743084 -3.8751602 6.312852
stress_0: 0.95946896 0.7680575 0.8439735919237137 -12.679887 2.4290245
stress_1: 1.013774 0.8047692 0.8289823234081268 -12.707118 2.4514365
stress_2: 3.599487 3.5162652 0.3392741084098816 -9.337149 4.4282274
stress_3: 1.1144936 0.8900145 0.8637513071298599 -0.07426766 3.0193355
stress_4: 1.0919234 0.8689491 0.8623295873403549 -0.012712028 2.9428751
stress_5: 0.90605116 0.7255735 0.905114971101284 0.010835179 2.9413986
