Property / RMSE / MAE / R2 / Mean / Std
energy: 661.84357 659.65356 -2.800497055053711 -17094.05 339.49637
forces: 76.100555 60.02984 0.9853709610179067 1.4899873e-08 629.18726
stress_all: 1.1285734 0.887095 0.968926765024662 -3.9020834 6.402308
stress_0: 1.1268514 0.8875842 0.8094957321882248 -12.798583 2.5817506
stress_1: 1.1117225 0.88115436 0.8160466998815536 -12.825198 2.5920453
stress_2: 1.2837613 1.0226089 0.9287460520863533 -9.411363 4.8092775
stress_3: 1.2239288 0.97518843 0.8287293761968613 -0.0676284 2.9574316
stress_4: 1.2371285 0.99177957 0.8213266581296921 0.008020348 2.9267454
stress_5: 0.7913151 0.6292843 0.930158369243145 0.017805612 2.994279
