Property / RMSE / MAE / R2 / Mean / Std
energy: 401.91122 335.97943 0.9056514427065849 -2496.5881 1308.4661
forces: 209.03651 164.33891 0.9790283050388098 9.629486e-08 1443.462
stress_all: 5.0114136 3.5712965 0.959075566381216 -16.395992 24.772448
stress_0: 9.159414 8.610046 -0.716143012046814 -54.73705 6.991832
stress_1: 9.122523 8.5671015 -0.7472236156463623 -54.759594 6.901456
stress_2: 5.612339 4.722504 0.782064288854599 -37.981205 12.022082
stress_3: 2.1612508 1.7291781 0.8899924904108047 0.031565525 6.516194
stress_4: 2.1766984 1.7420403 0.8877442926168442 -0.05990683 6.4967184
stress_5: 2.0732465 1.6497909 0.9093194231390953 -0.014705408 6.884839
