Property / RMSE / MAE / R2 / Mean / Std
energy: 306.52155 248.69417 0.9451221562922001 -2496.5881 1308.4661
forces: 203.27791 159.66058 0.9801678564399481 9.629486e-08 1443.462
stress_all: 6.615036 4.6772513 0.928693912923336 -16.395992 24.772448
stress_0: 10.869205 10.358608 -1.416649580001831 -54.73705 6.991832
stress_1: 10.819283 10.317472 -1.4576241970062256 -54.759594 6.901456
stress_2: 11.3555765 10.774904 0.1078067421913147 -37.981205 12.022082
stress_3: 2.2615108 1.8101474 0.8795492947101593 0.031565525 6.516194
stress_4: 2.2813504 1.8211691 0.8766906708478928 -0.05990683 6.4967184
stress_5: 2.12658 1.6908203 0.9045939669013023 -0.014705408 6.884839
