Property / RMSE / MAE / R2 / Mean / Std
energy: 416.09415 412.37302 -1.0168983936309814 -16947.754 292.98782
forces: 73.24374 57.812225 0.986338347196579 5.5050887e-08 626.6411
stress_all: 1.3068738 1.0338944 0.957143560051918 -3.8751602 6.312852
stress_0: 1.6507412 1.4090056 0.5381571650505066 -12.679887 2.4290245
stress_1: 1.5865028 1.3337151 0.5811674892902374 -12.707118 2.4514365
stress_2: 1.0879136 0.86192673 0.9396428242325783 -9.337149 4.4282274
stress_3: 1.3983614 1.118374 0.785505548119545 -0.07426766 3.0193355
stress_4: 1.3685971 1.0910639 0.7837243378162384 -0.012712028 2.9428751
stress_5: 0.8027554 0.64076346 0.9255167320370674 0.010835179 2.9413986
