Property / RMSE / MAE / R2 / Mean / Std
energy: 561.39044 498.1676 0.9960449170321226 -4196.062 8926.624
forces: 228.57768 169.26924 0.9721983596682549 5.6210325e-08 1370.8773
