Property / RMSE / MAE / R2 / Mean / Std
energy: 496.26385 428.0408 0.8561531454324722 -2496.5881 1308.4661
forces: 216.14754 169.78632 0.9775772001594305 9.629486e-08 1443.462
stress_all: 3.0702446 2.3336365 0.9846394006162882 -16.395992 24.772448
stress_0: 3.929082 3.2726965 0.6842086613178253 -54.73705 6.991832
stress_1: 3.9042523 3.2669802 0.6799673736095428 -54.759594 6.901456
stress_2: 5.005861 3.919816 0.82662034034729 -37.981205 12.022082
stress_3: 2.2431118 1.7929459 0.8815012350678444 0.031565525 6.516194
stress_4: 2.2373633 1.787318 0.8813999220728874 -0.05990683 6.4967184
stress_5: 2.1240785 1.6913538 0.9048182889819145 -0.014705408 6.884839
