Property / RMSE / MAE / R2 / Mean / Std
energy: 1177.8252 1175.2732 -15.160787582397461 -16947.754 292.98782
forces: 111.06779 87.70791 0.9685848951339722 5.5050887e-08 626.6411
stress_all: 2.5278687 1.5680298 0.8396540880203247 -3.8751602 6.312852
stress_0: 1.1787578 0.9650347 0.7645029872655869 -12.679887 2.4290245
stress_1: 1.1893567 0.97226477 0.7646127641201019 -12.707118 2.4514365
stress_2: 6.86882 6.8248973 -1.4060487747192383 -9.337149 4.4282274
stress_3: 1.1915 0.9510283 0.8442725092172623 -0.07426766 3.0193355
stress_4: 1.1660298 0.9295837 0.8430086821317673 -0.012712028 2.9428751
stress_5: 0.9919085 0.79442364 0.8862803652882576 0.010835179 2.9413986
