Property / RMSE / MAE / R2 / Mean / Std
energy: 690.53 688.4117 -3.1370887756347656 -17094.05 339.49637
forces: 76.89744 60.78396 0.9850629810243845 1.4899873e-08 629.18726
stress_all: 1.1815218 0.93156964 0.9659426882863045 -3.9020834 6.402308
stress_0: 1.4368964 1.1440694 0.6902421116828918 -12.798583 2.5817506
stress_1: 1.41985 1.1371418 0.6999457776546478 -12.825198 2.5920453
stress_2: 1.1823901 0.93215793 0.939554788172245 -9.411363 4.8092775
stress_3: 1.1616843 0.92611176 0.8457067757844925 -0.0676284 2.9574316
stress_4: 1.1775522 0.94424677 0.8381210118532181 0.008020348 2.9267454
stress_5: 0.89804584 0.7150207 0.9100476503372192 0.017805612 2.994279
