Property / RMSE / MAE / R2 / Mean / Std
energy: 536.40106 428.95065 0.935833141207695 10893.254 2117.5527
forces: 322.504 253.43727 0.9718682374805212 8.212825e-09 1922.8112
stress_all: 4.7664824 3.531293 0.9853466162458062 -26.308807 39.375767
stress_0: 8.382581 7.5612216 0.3651235103607178 -89.28836 10.520421
stress_1: 8.2914 7.4555035 0.35272544622421265 -89.190575 10.305844
stress_2: 4.4895062 3.6199398 0.8847261369228363 -58.290207 13.223096
stress_3: 2.7742572 2.212379 0.8998465240001678 0.021127734 8.766248
stress_4: 2.7822385 2.2169375 0.9006232842803001 0.035202887 8.825758
stress_5: 2.6859624 2.143171 0.9081461876630783 -0.061375313 8.8624
