Property / RMSE / MAE / R2 / Mean / Std
energy: 782.2852 718.0252 0.642558217048645 -2496.5881 1308.4661
forces: 228.61473 179.59323 0.9749159496277571 9.629486e-08 1443.462
stress_all: 3.6340392 2.7152016 0.9784800428897142 -16.395992 24.772448
stress_0: 6.385873 5.82893 0.1658223271369934 -54.73705 6.991832
stress_1: 6.3784575 5.833878 0.14581900835037231 -54.759594 6.901456
stress_2: 2.6977036 2.037547 0.9496465735137463 -37.981205 12.022082
stress_3: 2.2516613 1.7938586 0.8805962055921555 0.031565525 6.516194
stress_4: 2.258626 1.8029284 0.879134975373745 -0.05990683 6.4967184
stress_5: 2.2104 1.7714428 0.8969247862696648 -0.014705408 6.884839
