Property / RMSE / MAE / R2 / Mean / Std
energy: 703.2985 606.72046 0.7110954225063324 -2496.5881 1308.4661
forces: 286.7248 226.498 0.9605433903634548 9.629486e-08 1443.462
stress_all: 3.5713696 2.804958 0.9792158715426922 -16.395992 24.772448
stress_0: 4.4077787 3.7624369 0.6025727391242981 -54.73705 6.991832
stress_1: 4.383932 3.7080667 0.596497505903244 -54.759594 6.901456
stress_2: 6.0423512 5.462113 0.7473888397216797 -37.981205 12.022082
stress_3: 2.5785327 2.0567312 0.8434124439954758 0.031565525 6.516194
stress_4: 2.5903 2.072187 0.8410311192274094 -0.05990683 6.4967184
stress_5: 2.5414338 2.0270863 0.863739475607872 -0.014705408 6.884839
