Property / RMSE / MAE / R2 / Mean / Std
energy: 462.7089 406.63583 0.9973131632432342 -4196.062 8926.624
forces: 200.52367 147.3203 0.9786039255559444 5.6210325e-08 1370.8773
