Property / RMSE / MAE / R2 / Mean / Std
energy: 600.62787 598.12445 -2.1299736499786377 -17094.05 339.49637
forces: 73.675446 58.110844 0.9862884785979986 1.4899873e-08 629.18726
stress_all: 1.306372 1.0354351 0.9583648033440113 -3.9020834 6.402308
stress_0: 1.6335201 1.3797089 0.5996679067611694 -12.798583 2.5817506
stress_1: 1.6449491 1.3942385 0.5972646772861481 -12.825198 2.5920453
stress_2: 1.1001365 0.87489367 0.947672076523304 -9.411363 4.8092775
stress_3: 1.3553145 1.0816058 0.7899848073720932 -0.0676284 2.9574316
stress_4: 1.3685607 1.0969806 0.7813455760478973 0.008020348 2.9267454
stress_5: 0.82318175 0.65645117 0.924419991672039 0.017805612 2.994279
