Property / RMSE / MAE / R2 / Mean / Std
energy: 556.8494 444.97806 0.9308476150035858 10893.254 2117.5527
forces: 346.25836 271.1094 0.9675714708864689 8.212825e-09 1922.8112
stress_all: 5.3786273 3.6143022 0.9813411496579647 -26.308807 39.375767
stress_0: 4.426583 3.5507917 0.8229601681232452 -89.28836 10.520421
stress_1: 4.511633 3.6230094 0.8083537220954895 -89.190575 10.305844
stress_2: 13.303746 12.481397 -0.012235522270202637 -58.290207 13.223096
stress_3: 2.7045507 2.1598299 0.904816247522831 0.021127734 8.766248
stress_4: 2.740819 2.1826253 0.9035601168870926 0.035202887 8.825758
stress_5: 2.6243281 2.094305 0.9123133346438408 -0.061375313 8.8624
