Property / RMSE / MAE / R2 / Mean / Std
energy: 711.06525 567.63574 0.8872411996126175 10893.254 2117.5527
forces: 343.45566 270.4724 0.9680943116545677 8.212825e-09 1922.8112
stress_all: 3.4575632 2.7286532 0.9922895058989525 -26.308807 39.375767
stress_0: 4.5175858 3.705942 0.8156060874462128 -89.28836 10.520421
stress_1: 4.417255 3.6035793 0.8162879198789597 -89.190575 10.305844
stress_2: 3.9918134 3.1985128 0.9088673070073128 -58.290207 13.223096
stress_3: 2.974762 2.3743722 0.884846530854702 0.021127734 8.766248
stress_4: 2.96872 2.365943 0.8868552446365356 0.035202887 8.825758
stress_5: 2.8646448 2.2846053 0.8955186158418655 -0.061375313 8.8624
