Property / RMSE / MAE / R2 / Mean / Std
energy: 535.84314 426.27252 0.9353183060884476 10360.837 2106.9148
forces: 342.5326 268.2141 0.9673643074929714 6.002907e-09 1896.0748
stress_all: 5.396008 3.615525 0.9804176110774279 -25.708185 38.56024
stress_0: 4.3585634 3.4962528 0.8232407718896866 -87.77223 10.3669815
stress_1: 4.3731847 3.4871566 0.8254728466272354 -87.75365 10.468062
stress_2: 13.418331 12.628841 -0.036036133766174316 -55.50884 13.182902
stress_3: 2.704939 2.15436 0.902686320245266 -0.11365082 8.671026
stress_4: 2.7574804 2.202987 0.8997782766819 -0.04500673 8.710267
stress_5: 2.6493306 2.1063921 0.9072455912828445 -0.010818343 8.698991
