Property / RMSE / MAE / R2 / Mean / Std
energy: 649.21027 580.1454 0.99471072293818 -4196.062 8926.624
forces: 239.69215 178.38213 0.9694289453327656 5.6210325e-08 1370.8773
