Property / RMSE / MAE / R2 / Mean / Std
energy: 680.78766 592.55145 0.9968661649618298 -1477.804 12161.121
forces: 210.6575 153.08017 0.9742766823619604 -2.5431316e-08 1313.4497
stress_all: 2.1037374 1.5953894 0.9365024790167809 3.2287452 8.34859
stress_0: 2.4613912 1.8971497 0.9142839685082436 9.073166 8.407166
stress_1: 2.3951476 1.8547587 0.9173105284571648 9.056188 8.329274
stress_2: 2.94811 2.3060446 0.9260905757546425 9.488045 10.844107
stress_3: 1.8636913 1.4479774 0.9033806100487709 0.25942335 5.995727
stress_4: 1.7811351 1.3907773 0.8993898779153824 0.39627957 5.6153393
stress_5: 1.7397262 1.3115214 0.9178471490740776 0.06495167 6.0697327
