Property / RMSE / MAE / R2 / Mean / Std
energy: 539.6472 426.98227 0.9343966618180275 10360.837 2106.9148
forces: 308.30002 241.92667 0.9735615402460098 6.002907e-09 1896.0748
stress_all: 4.2149544 3.1866496 0.9880516957491636 -25.708185 38.56024
stress_0: 5.9772954 4.9587245 0.6675664782524109 -87.77223 10.3669815
stress_1: 5.978473 4.982419 0.673827052116394 -87.75365 10.468062
stress_2: 6.3996563 5.2506113 0.7643370926380157 -55.50884 13.182902
stress_3: 2.805066 2.2442966 0.8953485563397408 -0.11365082 8.671026
stress_4: 2.8532276 2.2792451 0.8926974907517433 -0.04500673 8.710267
stress_5: 2.779222 2.2205036 0.8979275077581406 -0.010818343 8.698991
