Property / RMSE / MAE / R2 / Mean / Std
energy: 606.04254 603.2906 -3.278653144836426 -16947.754 292.98782
forces: 79.47339 62.817894 0.9839155692607164 5.5050887e-08 626.6411
stress_all: 1.1250339 0.86991584 0.9682400338351727 -3.8751602 6.312852
stress_0: 1.3952976 1.1004865 0.6700333952903748 -12.679887 2.4290245
stress_1: 1.5075744 1.1797004 0.6218046247959137 -12.707118 2.4514365
stress_2: 1.0559822 0.83779395 0.9431339129805565 -9.337149 4.4282274
stress_3: 1.1412662 0.913843 0.8571266680955887 -0.07426766 3.0193355
stress_4: 1.1148075 0.8886529 0.8564986139535904 -0.012712028 2.9428751
stress_5: 0.6949846 0.5531349 0.9441732130944729 0.010835179 2.9413986
