Property / RMSE / MAE / R2 / Mean / Std
energy: 827.49945 825.1973 -4.941076278686523 -17094.05 339.49637
forces: 85.410286 67.39158 0.9815727528184652 1.4899873e-08 629.18726
stress_all: 1.3052095 1.031515 0.9584388695657253 -3.9020834 6.402308
stress_0: 1.5693653 1.3289889 0.630495697259903 -12.798583 2.5817506
stress_1: 1.5617421 1.3274872 0.6369775831699371 -12.825198 2.5920453
stress_2: 2.1192527 1.9522564 0.8058194220066071 -9.411363 4.8092775
stress_3: 1.1068529 0.88060725 0.85992830991745 -0.0676284 2.9574316
stress_4: 1.1112634 0.89067984 0.855833575129509 0.008020348 2.9267454
stress_5: 0.71376157 0.56616455 0.9431773088872433 0.017805612 2.994279
