Property / RMSE / MAE / R2 / Mean / Std
energy: 382.27008 318.27628 0.9146476238965988 -2496.5881 1308.4661
forces: 204.9495 161.06262 0.9798403531312943 9.629486e-08 1443.462
stress_all: 3.4470692 2.5914104 0.9806374665349722 -16.395992 24.772448
stress_0: 5.5796313 4.7714167 0.3631618618965149 -54.73705 6.991832
stress_1: 5.525529 4.715713 0.35898786783218384 -54.759594 6.901456
stress_2: 4.0147266 3.2676308 0.8884800523519516 -37.981205 12.022082
stress_3: 2.2233915 1.7778316 0.8835756480693817 0.031565525 6.516194
stress_4: 2.2374382 1.7902188 0.8813919723033905 -0.05990683 6.4967184
stress_5: 2.1516953 1.7159163 0.9023271352052689 -0.014705408 6.884839
