Property / RMSE / MAE / R2 / Mean / Std
energy: 975.6376 973.2479 -10.088629722595215 -16947.754 292.98782
forces: 92.31987 72.84005 0.9782953578978777 5.5050887e-08 626.6411
stress_all: 1.6534144 1.2459357 0.9314018785953522 -3.8751602 6.312852
stress_0: 2.9184706 2.761154 -0.443600058555603 -12.679887 2.4290245
stress_1: 2.932122 2.7718747 -0.4306149482727051 -12.707118 2.4514365
stress_2: 0.7215123 0.5761104 0.9734522551298141 -9.337149 4.4282274
stress_3: 1.1898692 0.9493316 0.844698503613472 -0.07426766 3.0193355
stress_4: 1.1584349 0.9238449 0.8450471609830856 -0.012712028 2.9428751
stress_5: 0.8523797 0.678965 0.9160233810544014 0.010835179 2.9413986
