Property / RMSE / MAE / R2 / Mean / Std
energy: 1151.6953 1149.656 -14.451692581176758 -16947.754 292.98782
forces: 94.17209 74.35863 0.9774157013744116 5.5050887e-08 626.6411
stress_all: 1.3161345 1.0310001 0.956534031778574 -3.8751602 6.312852
stress_0: 1.0562268 0.8439608 0.8109178096055984 -12.679887 2.4290245
stress_1: 1.074853 0.85551614 0.8077542334794998 -12.707118 2.4514365
stress_2: 2.4337702 2.3042815 0.6979358196258545 -9.337149 4.4282274
stress_3: 1.2121716 0.9675196 0.8388221561908722 -0.07426766 3.0193355
stress_4: 1.1789839 0.93974274 0.8395010679960251 -0.012712028 2.9428751
stress_5: 0.91569734 0.7303595 0.9030838534235954 0.010835179 2.9413986
