Property / RMSE / MAE / R2 / Mean / Std
energy: 621.48157 496.54425 0.9129913300275803 10360.837 2106.9148
forces: 304.04083 238.23509 0.9742869902402163 6.002907e-09 1896.0748
stress_all: 7.4988585 5.1207848 0.9621809348464012 -25.708185 38.56024
stress_0: 14.476746 13.861395 -0.9500120878219604 -87.77223 10.3669815
stress_1: 14.471656 13.854132 -0.9111899137496948 -87.75365 10.468062
stress_2: 6.48316 5.2481465 0.7581470459699631 -55.50884 13.182902
stress_3: 2.7318294 2.1807518 0.9007418602705002 -0.11365082 8.671026
stress_4: 2.7791843 2.2203097 0.898194395005703 -0.04500673 8.710267
stress_5: 2.7097955 2.1606333 0.9029634743928909 -0.010818343 8.698991
