Property / RMSE / MAE / R2 / Mean / Std
energy: 508.87338 403.90384 0.94225013256073 10893.254 2117.5527
forces: 312.9556 245.4752 0.9735093750059605 8.212825e-09 1922.8112
stress_all: 4.334427 3.260915 0.9878827137872577 -26.308807 39.375767
stress_0: 6.0806317 5.152975 0.6659348607063293 -89.28836 10.520421
stress_1: 6.0224223 5.0739717 0.6585121750831604 -89.190575 10.305844
stress_2: 7.121824 6.006013 0.7099210917949677 -58.290207 13.223096
stress_3: 2.7839048 2.2177138 0.899148739874363 0.021127734 8.766248
stress_4: 2.7598574 2.197395 0.9022156745195389 0.035202887 8.825758
stress_5: 2.6821072 2.1425312 0.9084096774458885 -0.061375313 8.8624
