Property / RMSE / MAE / R2 / Mean / Std
energy: 478.21643 404.07617 0.8664253503084183 -2496.5881 1308.4661
forces: 235.37103 185.04092 0.9734114110469818 9.629486e-08 1443.462
stress_all: 3.615925 2.6499128 0.9786940440535545 -16.395992 24.772448
stress_0: 6.2170115 5.3493195 0.2093551754951477 -54.73705 6.991832
stress_1: 6.16462 5.295397 0.20213186740875244 -54.759594 6.901456
stress_2: 3.6025677 2.8423285 0.9102023616433144 -37.981205 12.022082
stress_3: 2.188808 1.7524704 0.8871693015098572 0.031565525 6.516194
stress_4: 2.2094657 1.7633404 0.8843391314148903 -0.05990683 6.4967184
stress_5: 2.0852726 1.6652747 0.9082643613219261 -0.014705408 6.884839
