Property / RMSE / MAE / R2 / Mean / Std
energy: 641.1293 509.5376 0.9074029326438904 10360.837 2106.9148
forces: 340.61462 268.44446 0.9677287600934505 6.002907e-09 1896.0748
stress_all: 4.7505717 3.5413904 0.9848220804706216 -25.708185 38.56024
stress_0: 5.3113933 4.503677 0.7375102639198303 -87.77223 10.3669815
stress_1: 5.305621 4.4839783 0.7431143522262573 -87.75365 10.468062
stress_2: 9.858871 9.140601 0.44071608781814575 -55.50884 13.182902
stress_3: 2.8852687 2.3002427 0.8892786279320717 -0.11365082 8.671026
stress_4: 2.9333413 2.3436124 0.8865871801972389 -0.04500673 8.710267
stress_5: 2.8013387 2.2282739 0.8962964788079262 -0.010818343 8.698991
