Property / RMSE / MAE / R2 / Mean / Std
energy: 578.088 500.97516 0.8048075586557388 -2496.5881 1308.4661
forces: 248.39624 195.18105 0.9703872129321098 9.629486e-08 1443.462
stress_all: 3.1853256 2.3712852 0.9834663067013025 -16.395992 24.772448
stress_0: 3.1055505 2.4530458 0.8027144372463226 -54.73705 6.991832
stress_1: 3.1051142 2.46903 0.7975705415010452 -54.759594 6.901456
stress_2: 6.532783 5.811975 0.7047179341316223 -37.981205 12.022082
stress_3: 2.2346382 1.7921765 0.8823948204517365 0.031565525 6.516194
stress_4: 2.2385118 1.7835157 0.8812781348824501 -0.05990683 6.4967184
stress_5: 2.1615021 1.7280669 0.9014347717165947 -0.014705408 6.884839
