Property / RMSE / MAE / R2 / Mean / Std
energy: 508.28296 401.88525 0.9423840641975403 10893.254 2117.5527
forces: 302.66052 237.48793 0.9752235934138298 8.212825e-09 1922.8112
stress_all: 4.735988 3.4738925 0.9855335084721446 -26.308807 39.375767
stress_0: 8.350851 7.4275484 0.3699207305908203 -89.28836 10.520421
stress_1: 8.276629 7.329412 0.3550294041633606 -89.190575 10.305844
stress_2: 4.4096565 3.5144494 0.8887901455163956 -58.290207 13.223096
stress_3: 2.7330923 2.1760373 0.9027966558933258 0.021127734 8.766248
stress_4: 2.7499006 2.1912057 0.9029199555516243 0.035202887 8.825758
stress_5: 2.6569097 2.129567 0.9101225137710571 -0.061375313 8.8624
