Property / RMSE / MAE / R2 / Mean / Std
energy: 552.79987 484.2376 0.8215112090110779 -2496.5881 1308.4661
forces: 220.73071 173.41649 0.9766162168234587 9.629486e-08 1443.462
stress_all: 3.952175 2.850643 0.9745472613722086 -16.395992 24.772448
stress_0: 7.223102 6.6121235 -0.06724846363067627 -54.73705 6.991832
stress_1: 7.2163935 6.6095243 -0.09334933757781982 -54.759594 6.901456
stress_2: 3.19295 2.4509468 0.929461732506752 -37.981205 12.022082
stress_3: 2.1047957 1.680657 0.8956645429134369 0.031565525 6.516194
stress_4: 2.1134336 1.6856067 0.8941747769713402 -0.05990683 6.4967184
stress_5: 2.041957 1.625332 0.9120358899235725 -0.014705408 6.884839
