Property / RMSE / MAE / R2 / Mean / Std
energy: 871.7252 785.91675 0.9904635921120644 -4196.062 8926.624
forces: 221.11565 164.34106 0.9739839266985655 5.6210325e-08 1370.8773
