Property / RMSE / MAE / R2 / Mean / Std
energy: 565.8435 450.04254 0.927872858941555 10360.837 2106.9148
forces: 299.07767 234.57779 0.9751196205615997 6.002907e-09 1896.0748
stress_all: 4.767393 3.4940858 0.9847144009545445 -25.708185 38.56024
stress_0: 8.426286 7.4961386 0.3393556475639343 -87.77223 10.3669815
stress_1: 8.3975315 7.4843793 0.3564673066139221 -87.75365 10.468062
stress_2: 4.3711634 3.5110161 0.890055887401104 -55.50884 13.182902
stress_3: 2.6946578 2.1580164 0.9034246578812599 -0.11365082 8.671026
stress_4: 2.7529984 2.1978915 0.9001038074493408 -0.04500673 8.710267
stress_5: 2.6687162 2.1217122 0.9058832302689552 -0.010818343 8.698991
