Property / RMSE / MAE / R2 / Mean / Std
energy: 542.19354 430.72577 0.9337761104106903 10360.837 2106.9148
forces: 343.7389 269.54117 0.9671340323984623 6.002907e-09 1896.0748
stress_all: 4.8601904 3.3962755 0.9841135405004025 -25.708185 38.56024
stress_0: 3.913209 3.0980382 0.8575175106525421 -87.77223 10.3669815
stress_1: 3.9554963 3.117103 0.8572193533182144 -87.75365 10.468062
stress_2: 11.574431 10.859613 0.22913694381713867 -55.50884 13.182902
stress_3: 2.814896 2.2516487 0.8946137949824333 -0.11365082 8.671026
stress_4: 2.8707948 2.2933524 0.8913721144199371 -0.04500673 8.710267
stress_5: 2.769139 2.200862 0.8986667990684509 -0.010818343 8.698991
