Property / RMSE / MAE / R2 / Mean / Std
energy: 811.0042 726.5695 0.6158319413661957 -2496.5881 1308.4661
forces: 254.82645 201.07025 0.968834200873971 9.629486e-08 1443.462
stress_all: 3.602288 2.8319855 0.9788544457405806 -16.395992 24.772448
stress_0: 4.9522586 4.462411 0.49832236766815186 -54.73705 6.991832
stress_1: 4.919614 4.4236293 0.4918633699417114 -54.759594 6.901456
stress_2: 5.977039 5.499242 0.7528203129768372 -37.981205 12.022082
stress_3: 2.3131654 1.8410938 0.8739840984344482 0.031565525 6.516194
stress_4: 2.334682 1.8638368 0.8708580136299133 -0.05990683 6.4967184
stress_5: 2.3165607 1.8463633 0.886786088347435 -0.014705408 6.884839
