Property / RMSE / MAE / R2 / Mean / Std
energy: 538.9104 450.68372 0.9980362511705607 -1477.804 12161.121
forces: 203.43797 147.20432 0.9760096184909344 -2.5431316e-08 1313.4497
stress_all: 2.177628 1.6459577 0.931963637471199 3.2287452 8.34859
stress_0: 2.4926858 1.9011116 0.9120904877781868 9.073166 8.407166
stress_1: 2.403515 1.857761 0.9167317524552345 9.056188 8.329274
stress_2: 3.181341 2.4448607 0.9139337614178658 9.488045 10.844107
stress_3: 1.9539888 1.5354251 0.8937912210822105 0.25942335 5.995727
stress_4: 1.8603685 1.4572463 0.8902395367622375 0.39627957 5.6153393
stress_5: 1.7333767 1.3122712 0.9184457212686539 0.06495167 6.0697327
