Property / RMSE / MAE / R2 / Mean / Std
energy: 1497.1011 1494.2684 -25.109773635864258 -16947.754 292.98782
forces: 133.69083 105.90769 0.9544838517904282 5.5050887e-08 626.6411
stress_all: 2.2116916 1.6261538 0.8772566467523575 -3.8751602 6.312852
stress_0: 1.9054514 1.7797703 0.3846361041069031 -12.679887 2.4290245
stress_1: 1.8888723 1.7637923 0.4063042998313904 -12.707118 2.4514365
stress_2: 5.276675 5.2396026 -0.419910192489624 -9.337149 4.4282274
stress_3: 1.2798455 1.0214953 0.8203230798244476 -0.07426766 3.0193355
stress_4: 1.2520822 0.99882454 0.8189818859100342 -0.012712028 2.9428751
stress_5: 1.1337783 0.90579 0.8514240384101868 0.010835179 2.9413986
