Property / RMSE / MAE / R2 / Mean / Std
energy: 727.59784 646.3933 0.9933563247323036 -4196.062 8926.624
forces: 220.85408 163.73857 0.9740454405546188 5.6210325e-08 1370.8773
