Property / RMSE / MAE / R2 / Mean / Std
energy: 899.92194 897.1188 -6.026505470275879 -17094.05 339.49637
forces: 99.55491 78.8176 0.9749639686197042 1.4899873e-08 629.18726
stress_all: 1.2181383 0.9449023 0.9637990370392799 -3.9020834 6.402308
stress_0: 1.0960761 0.8700467 0.8197592943906784 -12.798583 2.5817506
stress_1: 1.0898035 0.86147106 0.8232289403676987 -12.825198 2.5920453
stress_2: 2.190666 1.9381096 0.7925121486186981 -9.411363 4.8092775
stress_3: 1.0774853 0.85840404 0.8672626167535782 -0.0676284 2.9574316
stress_4: 1.0873204 0.8725622 0.8619789779186249 0.008020348 2.9267454
stress_5: 0.8602896 0.6862813 0.917452335357666 0.017805612 2.994279
