Property / RMSE / MAE / R2 / Mean / Std
energy: 541.0054 430.38986 0.934066042304039 10360.837 2106.9148
forces: 318.6797 250.40898 0.9717513434588909 6.002907e-09 1896.0748
stress_all: 4.8510523 3.588867 0.9841732271015644 -25.708185 38.56024
stress_0: 8.5161915 7.6778936 0.32518261671066284 -87.77223 10.3669815
stress_1: 8.528726 7.7142735 0.3362024426460266 -87.75365 10.468062
stress_2: 4.6328864 3.7599957 0.8764959573745728 -55.50884 13.182902
stress_3: 2.7360473 2.1936965 0.9004351049661636 -0.11365082 8.671026
stress_4: 2.7850046 2.2243001 0.8977675288915634 -0.04500673 8.710267
stress_5: 2.70015 2.1558218 0.9036530330777168 -0.010818343 8.698991
