Property / RMSE / MAE / R2 / Mean / Std
energy: 402.04855 345.5159 0.9979714646469802 -4196.062 8926.624
forces: 199.38689 146.2376 0.9788458291441202 5.6210325e-08 1370.8773
