Property / RMSE / MAE / R2 / Mean / Std
energy: 565.3482 561.9612 -2.723341226577759 -16947.754 292.98782
forces: 82.398056 65.20268 0.9827099535614252 5.5050887e-08 626.6411
stress_all: 1.121362 0.8774209 0.9684470146894455 -3.8751602 6.312852
stress_0: 1.1677994 0.92666787 0.7688612639904022 -12.679887 2.4290245
stress_1: 1.2449441 0.9818904 0.7420957982540131 -12.707118 2.4514365
stress_2: 1.5335739 1.2804934 0.8800640106201172 -9.337149 4.4282274
stress_3: 1.1395957 0.91189945 0.8575446158647537 -0.07426766 3.0193355
stress_4: 1.1142261 0.88756436 0.856648251414299 -0.012712028 2.9428751
stress_5: 0.69685966 0.55440444 0.9438715800642967 0.010835179 2.9413986
