Property / RMSE / MAE / R2 / Mean / Std
energy: 1295.4236 1292.6104 -18.548994064331055 -16947.754 292.98782
forces: 111.729805 87.70915 0.9682092852890491 5.5050887e-08 626.6411
stress_all: 2.2411437 1.7303826 0.8739658743143082 -3.8751602 6.312852
stress_0: 3.3293984 3.282724 -0.8787446022033691 -12.679887 2.4290245
stress_1: 3.3482904 3.3005886 -0.8655415773391724 -12.707118 2.4514365
stress_2: 4.0298915 3.9911146 0.17181605100631714 -9.337149 4.4282274
stress_3: 1.1615229 0.9269592 0.8520098775625229 -0.07426766 3.0193355
stress_4: 1.1317979 0.90497196 0.8520911782979965 -0.012712028 2.9428751
stress_5: 0.83915234 0.66757584 0.9186094850301743 0.010835179 2.9413986
