Property / RMSE / MAE / R2 / Mean / Std
energy: 542.24963 430.5542 0.9344262331724167 10893.254 2117.5527
forces: 337.43408 264.40048 0.9692032691091299 8.212825e-09 1922.8112
stress_all: 4.7419267 3.5021205 0.9854972045868635 -26.308807 39.375767
stress_0: 8.092436 7.0988626 0.40831267833709717 -89.28836 10.520421
stress_1: 7.992749 6.99152 0.3985145092010498 -89.190575 10.305844
stress_2: 5.253587 4.255008 0.8421496450901031 -58.290207 13.223096
stress_3: 2.7887046 2.225976 0.8988006711006165 0.021127734 8.766248
stress_4: 2.7890985 2.223179 0.9001326188445091 0.035202887 8.825758
stress_5: 2.6729424 2.137692 0.9090345352888107 -0.061375313 8.8624
