Property / RMSE / MAE / R2 / Mean / Std
energy: 646.2805 522.18945 0.9059089720249176 10360.837 2106.9148
forces: 298.28265 233.70502 0.9752517193555832 6.002907e-09 1896.0748
stress_all: 8.049813 5.592979 0.9564195089042187 -25.708185 38.56024
stress_0: 14.991395 14.391615 -1.0911226272583008 -87.77223 10.3669815
stress_1: 14.9713335 14.376992 -1.045447587966919 -87.75365 10.468062
stress_2: 9.405476 8.352118 0.49097466468811035 -55.50884 13.182902
stress_3: 2.7581415 2.2032917 0.8988206014037132 -0.11365082 8.671026
stress_4: 2.8192637 2.2503114 0.8952368870377541 -0.04500673 8.710267
stress_5: 2.7146347 2.1544414 0.9026165828108788 -0.010818343 8.698991
