Property / RMSE / MAE / R2 / Mean / Std
energy: 493.32657 390.63138 0.9457249119877815 10893.254 2117.5527
forces: 303.9341 238.42522 0.9750146418809891 8.212825e-09 1922.8112
stress_all: 4.202473 3.103615 0.988609260879457 -26.308807 39.375767
stress_0: 6.515814 5.2570477 0.6164066195487976 -89.28836 10.520421
stress_1: 6.430249 5.1394434 0.6106963455677032 -89.190575 10.305844
stress_2: 5.4437222 4.3489137 0.8305172175168991 -58.290207 13.223096
stress_3: 2.7919352 2.2260609 0.8985660672187805 0.021127734 8.766248
stress_4: 2.7948442 2.230654 0.8997207283973694 0.035202887 8.825758
stress_5: 2.6736543 2.136849 0.9089860767126083 -0.061375313 8.8624
