Property / RMSE / MAE / R2 / Mean / Std
energy: 374.69498 311.18643 0.9179967939853668 -2496.5881 1308.4661
forces: 202.63573 159.39752 0.9802929665893316 9.629486e-08 1443.462
stress_all: 2.9258285 2.2393823 0.9860504604876041 -16.395992 24.772448
stress_0: 3.6288283 2.887519 0.7306289672851562 -54.73705 6.991832
stress_1: 3.5659235 2.840228 0.7330299317836761 -54.759594 6.901456
stress_2: 4.6259346 3.7656686 0.851939395070076 -37.981205 12.022082
stress_3: 2.2711303 1.816971 0.8785224482417107 0.031565525 6.516194
stress_4: 2.3062065 1.8465644 0.8739890456199646 -0.05990683 6.4967184
stress_5: 2.0985143 1.6669769 0.9070955887436867 -0.014705408 6.884839
