Property / RMSE / MAE / R2 / Mean / Std
energy: 1358.7036 1356.5571 -15.016925811767578 -17094.05 339.49637
forces: 111.834946 88.31795 0.9684066846966743 1.4899873e-08 629.18726
stress_all: 2.5349922 1.5726836 0.8432237952947617 -3.9020834 6.402308
stress_0: 1.2185646 0.9914938 0.7772239148616791 -12.798583 2.5817506
stress_1: 1.2244685 0.9950768 0.776843249797821 -12.825198 2.5920453
stress_2: 6.8851876 6.838928 -1.0496134757995605 -9.411363 4.8092775
stress_3: 1.161792 0.9264845 0.8456781655550003 -0.0676284 2.9574316
stress_4: 1.1704847 0.9377007 0.8400583416223526 0.008020348 2.9267454
stress_5: 1.0015095 0.8001437 0.888126902282238 0.017805612 2.994279
