Property / RMSE / MAE / R2 / Mean / Std
energy: 600.4274 510.23196 0.9975623362697661 -1477.804 12161.121
forces: 204.5009 148.01978 0.9757582731544971 -2.5431316e-08 1313.4497
stress_all: 2.1380286 1.6199542 0.9344155639410019 3.2287452 8.34859
stress_0: 2.5470858 1.9657679 0.9082115814089775 9.073166 8.407166
stress_1: 2.4619327 1.9311512 0.9126348868012428 9.056188 8.329274
stress_2: 2.99291 2.3065548 0.923827238380909 9.488045 10.844107
stress_3: 1.8917979 1.4777753 0.9004443809390068 0.25942335 5.995727
stress_4: 1.8041731 1.4037249 0.8967703729867935 0.39627957 5.6153393
stress_5: 1.7271872 1.3065568 0.9190271124243736 0.06495167 6.0697327
