Property / RMSE / MAE / R2 / Mean / Std
energy: 652.84326 518.4981 0.9049506038427353 10893.254 2117.5527
forces: 382.499 301.14728 0.960428062826395 8.212825e-09 1922.8112
stress_all: 4.3044014 3.293975 0.9880500109866261 -26.308807 39.375767
stress_0: 4.211635 3.3644197 0.8397362679243088 -89.28836 10.520421
stress_1: 4.2282033 3.3803544 0.8316765576601028 -89.190575 10.305844
stress_2: 8.238964 7.352498 0.611779123544693 -58.290207 13.223096
stress_3: 3.279251 2.619394 0.8600664287805557 0.021127734 8.766248
stress_4: 3.2831118 2.6232378 0.8616219162940979 0.035202887 8.825758
stress_5: 3.177273 2.531622 0.8714694380760193 -0.061375313 8.8624
