Property / RMSE / MAE / R2 / Mean / Std
energy: 1477.2617 1474.8009 -17.934099197387695 -17094.05 339.49637
forces: 112.62958 88.40576 0.9679561220109463 1.4899873e-08 629.18726
stress_all: 2.238268 1.7309093 0.8777775317430496 -3.9020834 6.402308
stress_0: 3.3377693 3.2895474 -0.6714141368865967 -12.798583 2.5817506
stress_1: 3.3138065 3.2662468 -0.634440541267395 -12.825198 2.5920453
stress_2: 4.0299625 3.9886813 0.297829806804657 -9.411363 4.8092775
stress_3: 1.1332088 0.9029739 0.8531782180070877 -0.0676284 2.9574316
stress_4: 1.1383821 0.9116013 0.8487113863229752 0.008020348 2.9267454
stress_5: 0.8848234 0.7022785 0.9126769974827766 0.017805612 2.994279
