Property / RMSE / MAE / R2 / Mean / Std
energy: 608.7265 483.2486 0.9173627346754074 10893.254 2117.5527
forces: 323.9698 254.43552 0.971611937507987 8.212825e-09 1922.8112
stress_all: 5.803143 4.054034 0.9782795608043671 -26.308807 39.375767
stress_0: 11.05829 10.197254 -0.1048661470413208 -89.28836 10.520421
stress_1: 10.961998 10.089186 -0.13138985633850098 -89.190575 10.305844
stress_2: 4.172817 3.3565922 0.9004153311252594 -58.290207 13.223096
stress_3: 2.7151937 2.164982 0.9040656238794327 0.021127734 8.766248
stress_4: 2.718429 2.1655645 0.9051293283700943 0.035202887 8.825758
stress_5: 2.6172967 2.0910902 0.9127825796604156 -0.061375313 8.8624
