Property / RMSE / MAE / R2 / Mean / Std
energy: 828.883 826.21924 -4.960959434509277 -17094.05 339.49637
forces: 94.36195 74.73443 0.9775076936930418 1.4899873e-08 629.18726
stress_all: 1.5044922 1.1564225 0.9447786845266819 -3.9020834 6.402308
stress_0: 2.4959116 2.2506843 0.06539124250411987 -12.798583 2.5817506
stress_1: 2.4841356 2.2408714 0.08152896165847778 -12.825198 2.5920453
stress_2: 1.2705103 1.0333997 0.9302094355225563 -9.411363 4.8092775
stress_3: 1.1181054 0.8911701 0.8570658266544342 -0.0676284 2.9574316
stress_4: 1.1295806 0.9063854 0.8510417342185974 0.008020348 2.9267454
stress_5: 0.80763394 0.6438675 0.927248053252697 0.017805612 2.994279
