Property / RMSE / MAE / R2 / Mean / Std
energy: 789.7495 787.71246 -4.411385536193848 -17094.05 339.49637
forces: 79.923256 63.160843 0.9838643502444029 1.4899873e-08 629.18726
stress_all: 1.1301054 0.87479883 0.9688423424959183 -3.9020834 6.402308
stress_0: 1.4728783 1.1595552 0.6745343208312988 -12.798583 2.5817506
stress_1: 1.4673959 1.1625358 0.6795137226581573 -12.825198 2.5920453
stress_2: 1.0954406 0.86248124 0.9481178410351276 -9.411363 4.8092775
stress_3: 1.1067278 0.8809907 0.8599599599838257 -0.0676284 2.9574316
stress_4: 1.117887 0.8957604 0.8541098684072495 0.008020348 2.9267454
stress_5: 0.71505183 0.56755793 0.9429716877639294 0.017805612 2.994279
