Property / RMSE / MAE / R2 / Mean / Std
energy: 728.53107 628.3495 0.9964112029410899 -1477.804 12161.121
forces: 217.07674 158.45616 0.9726850986480713 -2.5431316e-08 1313.4497
stress_all: 2.0368106 1.5553173 0.9404783360660076 3.2287452 8.34859
stress_0: 2.2799902 1.7648176 0.9264526963233948 9.073166 8.407166
stress_1: 2.2238612 1.7579397 0.9287145137786865 9.056188 8.329274
stress_2: 2.68577 2.0622618 0.9386591054499149 9.488045 10.844107
stress_3: 1.87448 1.4591978 0.9022587388753891 0.25942335 5.995727
stress_4: 1.8139447 1.401729 0.8956491276621819 0.39627957 5.6153393
stress_5: 1.7849314 1.3454922 0.9135223478078842 0.06495167 6.0697327
