Property / RMSE / MAE / R2 / Mean / Std
energy: 512.5902 450.3668 0.9967026414815336 -4196.062 8926.624
forces: 204.35617 150.42311 0.977778248488903 5.6210325e-08 1370.8773
