Property / RMSE / MAE / R2 / Mean / Std
energy: 517.56915 410.44702 0.9396547898650169 10360.837 2106.9148
forces: 298.25278 233.86533 0.9752566739916801 6.002907e-09 1896.0748
stress_all: 4.0257883 3.0482633 0.9891001041978598 -25.708185 38.56024
stress_0: 5.712271 4.610918 0.6963921189308167 -87.77223 10.3669815
stress_1: 5.696096 4.611987 0.7039111852645874 -87.75365 10.468062
stress_2: 5.6743 4.5800395 0.8147310763597488 -55.50884 13.182902
stress_3: 2.8597841 2.2873714 0.8912258967757225 -0.11365082 8.671026
stress_4: 2.887356 2.2997282 0.8901151716709137 -0.04500673 8.710267
stress_5: 2.7891872 2.2286117 0.8971942141652107 -0.010818343 8.698991
