Property / RMSE / MAE / R2 / Mean / Std
energy: 910.44055 799.4506 0.9943952532485127 -1477.804 12161.121
forces: 227.23674 166.9879 0.970068383961916 -2.5431316e-08 1313.4497
stress_all: 2.1671898 1.6402781 0.9326143190264702 3.2287452 8.34859
stress_0: 2.3418944 1.8438586 0.9224047139286995 9.073166 8.407166
stress_1: 2.3146422 1.7968899 0.9227757975459099 9.056188 8.329274
stress_2: 3.2080095 2.4474316 0.9124847650527954 9.488045 10.844107
stress_3: 1.9096816 1.4823402 0.898553229868412 0.25942335 5.995727
stress_4: 1.8401092 1.428678 0.8926170915365219 0.39627957 5.6153393
stress_5: 1.8803285 1.4261421 0.9040315821766853 0.06495167 6.0697327
