Property / RMSE / MAE / R2 / Mean / Std
energy: 670.6106 575.97424 0.9969591600820422 -1477.804 12161.121
forces: 213.60167 155.5069 0.9735526368021965 -2.5431316e-08 1313.4497
stress_all: 2.1162937 1.6017642 0.9357422366738319 3.2287452 8.34859
stress_0: 2.5169609 1.919344 0.9103699252009392 9.073166 8.407166
stress_1: 2.4054515 1.8702463 0.9165975227952003 9.056188 8.329274
stress_2: 2.9481106 2.2989473 0.9260905459523201 9.488045 10.844107
stress_3: 1.8792826 1.4577898 0.9017572551965714 0.25942335 5.995727
stress_4: 1.7864014 1.3922764 0.8987940400838852 0.39627957 5.6153393
stress_5: 1.7392198 1.3136042 0.9178949594497681 0.06495167 6.0697327
