Property / RMSE / MAE / R2 / Mean / Std
energy: 567.4456 492.7903 0.8119282871484756 -2496.5881 1308.4661
forces: 228.09808 179.02031 0.97502919472754 9.629486e-08 1443.462
stress_all: 4.5366783 3.2015715 0.9664619229733944 -16.395992 24.772448
stress_0: 8.538906 7.816729 -0.4914973974227905 -54.73705 6.991832
stress_1: 8.540781 7.814771 -0.5314886569976807 -54.759594 6.901456
stress_2: 3.2499115 2.686013 0.9269225001335144 -37.981205 12.022082
stress_3: 2.210475 1.7604911 0.884924404323101 0.031565525 6.516194
stress_4: 2.2159662 1.7713586 0.8836575448513031 -0.05990683 6.4967184
stress_5: 2.1470726 1.7164651 0.9027463644742966 -0.014705408 6.884839
