Property / RMSE / MAE / R2 / Mean / Std
energy: 332.68237 327.96893 -0.2893190383911133 -16947.754 292.98782
forces: 75.5304 59.739193 0.9854720002040267 5.5050887e-08 626.6411
stress_all: 1.4348737 1.1483474 0.9483374059200287 -3.8751602 6.312852
stress_0: 1.9674513 1.7331513 0.34393900632858276 -12.679887 2.4290245
stress_1: 1.8980912 1.6476552 0.4004949927330017 -12.707118 2.4514365
stress_2: 1.3883183 1.1540238 0.9017079919576645 -9.337149 4.4282274
stress_3: 1.393236 1.1143911 0.7870749980211258 -0.07426766 3.0193355
stress_4: 1.3587385 1.0839801 0.7868289947509766 -0.012712028 2.9428751
stress_5: 0.8815252 0.7017769 0.910182349383831 0.010835179 2.9413986
