Property / RMSE / MAE / R2 / Mean / Std
energy: 504.8632 448.00494 0.9968013036996126 -4196.062 8926.624
forces: 207.903 153.34804 0.9770001862198114 5.6210325e-08 1370.8773
