Property / RMSE / MAE / R2 / Mean / Std
energy: 524.38763 416.29865 0.9386751651763916 10893.254 2117.5527
forces: 315.49893 247.49455 0.9730770587921143 8.212825e-09 1922.8112
stress_all: 5.514443 3.8853145 0.9803869444876909 -26.308807 39.375767
stress_0: 10.380713 9.549919 0.02638298273086548 -89.28836 10.520421
stress_1: 10.296221 9.455655 0.0018666982650756836 -89.190575 10.305844
stress_2: 4.463089 3.611021 0.8860787376761436 -58.290207 13.223096
stress_3: 2.6090217 2.0833018 0.9114215821027756 0.021127734 8.766248
stress_4: 2.6111405 2.0798347 0.9124700948596001 0.035202887 8.825758
stress_5: 2.5239856 2.0124795 0.9188906252384186 -0.061375313 8.8624
