Property / RMSE / MAE / R2 / Mean / Std
energy: 782.2449 683.1958 0.9958624974824488 -1477.804 12161.121
forces: 244.4274 179.00798 0.9653683751821518 -2.5431316e-08 1313.4497
stress_all: 2.3435092 1.7439415 0.9212034642696381 3.2287452 8.34859
stress_0: 2.5911462 2.0303895 0.9050085172057152 9.073166 8.407166
stress_1: 2.6118853 2.0725121 0.9016682133078575 9.056188 8.329274
stress_2: 3.7758377 2.9143443 0.8787619322538376 9.488045 10.844107
stress_3: 1.9400203 1.4959219 0.895304299890995 0.25942335 5.995727
stress_4: 1.8673947 1.4253521 0.8894088938832283 0.39627957 5.6153393
stress_5: 1.8886118 1.4178401 0.9031841978430748 0.06495167 6.0697327
