Property / RMSE / MAE / R2 / Mean / Std
energy: 563.7852 448.67484 0.9291142597794533 10893.254 2117.5527
forces: 356.82877 280.14462 0.9655613228678703 8.212825e-09 1922.8112
stress_all: 4.7889915 3.3667314 0.9852078901603818 -26.308807 39.375767
stress_0: 3.6726217 2.935329 0.8781329914927483 -89.28836 10.520421
stress_1: 3.726553 2.9878912 0.8692482858896255 -89.190575 10.305844
stress_2: 11.446218 10.846612 0.25069659948349 -58.290207 13.223096
stress_3: 2.8516636 2.2711093 0.8941796496510506 0.021127734 8.766248
stress_4: 2.8531663 2.2757704 0.895491860806942 0.035202887 8.825758
stress_5: 2.7815144 2.2184987 0.9014946222305298 -0.061375313 8.8624
