Property / RMSE / MAE / R2 / Mean / Std
energy: 435.0992 382.71317 0.997624242445454 -4196.062 8926.624
forces: 197.45082 144.5011 0.9792546518146992 5.6210325e-08 1370.8773
