Property / RMSE / MAE / R2 / Mean / Std
energy: 592.61395 469.58307 0.9208866506814957 10360.837 2106.9148
forces: 352.95184 277.12164 0.9653486683964729 6.002907e-09 1896.0748
stress_all: 4.854063 3.3900042 0.9841535743325949 -25.708185 38.56024
stress_0: 3.6221294 2.8992147 0.8779259547591209 -87.77223 10.3669815
stress_1: 3.607658 2.87036 0.8812268972396851 -87.75365 10.468062
stress_2: 11.726846 11.144812 0.20870137214660645 -55.50884 13.182902
stress_3: 2.8460267 2.2762654 0.8922699317336082 -0.11365082 8.671026
stress_4: 2.894595 2.3109536 0.8895635157823563 -0.04500673 8.710267
stress_5: 2.7790568 2.2106066 0.8979396373033524 -0.010818343 8.698991
