Property / RMSE / MAE / R2 / Mean / Std
energy: 1021.0954 900.92194 0.9869154682382941 -4196.062 8926.624
forces: 244.4307 184.14723 0.9682082608342171 5.6210325e-08 1370.8773
