Property / RMSE / MAE / R2 / Mean / Std
energy: 877.1942 783.95416 0.990343558602035 -4196.062 8926.624
forces: 248.77661 186.04263 0.9670677147805691 5.6210325e-08 1370.8773
