Property / RMSE / MAE / R2 / Mean / Std
energy: 567.64886 479.4908 0.8117935210466385 -2496.5881 1308.4661
forces: 252.10121 198.40553 0.9694972429424524 9.629486e-08 1443.462
stress_all: 2.6650405 2.1207378 0.9884263649582863 -16.395992 24.772448
stress_0: 3.47302 2.8990245 0.7532639354467392 -54.73705 6.991832
stress_1: 3.5029516 2.9339707 0.7423757016658783 -54.759594 6.901456
stress_2: 2.4286327 1.9172513 0.9591902196407318 -37.981205 12.022082
stress_3: 2.3721836 1.8865839 0.8674717098474503 0.031565525 6.516194
stress_4: 2.397442 1.9142224 0.8638216257095337 -0.05990683 6.4967184
stress_5: 2.3389313 1.8673905 0.8845889568328857 -0.014705408 6.884839
