Property / RMSE / MAE / R2 / Mean / Std
energy: 1015.2918 891.66077 0.9930299720726907 -1477.804 12161.121
forces: 262.22153 193.3354 0.9601425230503082 -2.5431316e-08 1313.4497
stress_all: 2.2985668 1.7192246 0.924196720123291 3.2287452 8.34859
stress_0: 2.3808808 1.8346977 0.9197996780276299 9.073166 8.407166
stress_1: 2.3876271 1.7945789 0.9178289696574211 9.056188 8.329274
stress_2: 3.6988409 2.942748 0.8836560845375061 9.488045 10.844107
stress_3: 1.9726664 1.5313064 0.8917510807514191 0.25942335 5.995727
stress_4: 1.9073431 1.4616961 0.8846266120672226 0.39627957 5.6153393
stress_5: 1.928881 1.4574964 0.8990115448832512 0.06495167 6.0697327
