Property / RMSE / MAE / R2 / Mean / Std
energy: 646.87225 643.3422 -3.8745875358581543 -16947.754 292.98782
forces: 93.817505 74.30855 0.9775854498147964 5.5050887e-08 626.6411
stress_all: 1.4911122 1.1483747 0.9442083090543747 -3.8751602 6.312852
stress_0: 2.3870294 2.1617773 0.034278810024261475 -12.679887 2.4290245
stress_1: 2.518183 2.2788026 -0.055196285247802734 -12.707118 2.4514365
stress_2: 1.2335398 0.9961812 0.9224027320742607 -9.337149 4.4282274
stress_3: 1.151913 0.9206269 0.854448527097702 -0.07426766 3.0193355
stress_4: 1.1272713 0.8966385 0.8532719016075134 -0.012712028 2.9428751
stress_5: 0.79204786 0.6320409 0.9274904727935791 0.010835179 2.9413986
