Property / RMSE / MAE / R2 / Mean / Std
energy: 540.58594 426.88272 0.934168241918087 10360.837 2106.9148
forces: 309.19217 242.42558 0.9734083041548729 6.002907e-09 1896.0748
stress_all: 4.3989587 3.307654 0.9869857169687748 -25.708185 38.56024
stress_0: 6.0267043 5.102621 0.6620478630065918 -87.77223 10.3669815
stress_1: 6.0689073 5.126296 0.6638846397399902 -87.75365 10.468062
stress_2: 7.4616547 6.3647594 0.6796326637268066 -55.50884 13.182902
stress_3: 2.7422004 2.1877155 0.8999867886304855 -0.11365082 8.671026
stress_4: 2.7886007 2.2245095 0.8975033462047577 -0.04500673 8.710267
stress_5: 2.7144532 2.1753783 0.9026295989751816 -0.010818343 8.698991
