Property / RMSE / MAE / R2 / Mean / Std
energy: 599.3086 476.74652 0.9199000000953674 10893.254 2117.5527
forces: 344.21634 271.2902 0.9679528251290321 8.212825e-09 1922.8112
stress_all: 4.738611 3.5461428 0.9855174794793129 -26.308807 39.375767
stress_0: 5.3937817 4.5597463 0.7371424436569214 -89.28836 10.520421
stress_1: 5.48934 4.677236 0.7162910401821136 -89.190575 10.305844
stress_2: 9.64945 8.898755 0.46747642755508423 -58.290207 13.223096
stress_3: 2.9106603 2.323227 0.8897558376193047 0.021127734 8.766248
stress_4: 2.9022174 2.3134367 0.8918675929307938 0.035202887 8.825758
stress_5: 2.8251255 2.2531083 0.8983814939856529 -0.061375313 8.8624
