Property / RMSE / MAE / R2 / Mean / Std
energy: 989.23303 887.24927 0.9933831696398556 -1477.804 12161.121
forces: 229.578 168.85403 0.9694484211504459 -2.5431316e-08 1313.4497
stress_all: 2.1845517 1.651439 0.9315302968025208 3.2287452 8.34859
stress_0: 2.359184 1.8419499 0.9212547466158867 9.073166 8.407166
stress_1: 2.3440924 1.7982881 0.9207981899380684 9.056188 8.329274
stress_2: 3.185348 2.4304671 0.9137168079614639 9.488045 10.844107
stress_3: 1.9170746 1.4851942 0.8977662473917007 0.25942335 5.995727
stress_4: 1.8651303 1.4427332 0.8896769359707832 0.39627957 5.6153393
stress_5: 1.9281688 1.4681962 0.8990861102938652 0.06495167 6.0697327
