Property / RMSE / MAE / R2 / Mean / Std
energy: 856.344 748.64923 0.9950415114872158 -1477.804 12161.121
forces: 249.70045 183.46262 0.9638580344617367 -2.5431316e-08 1313.4497
stress_all: 2.1977468 1.6502569 0.9307006597518921 3.2287452 8.34859
stress_0: 2.3291533 1.8027759 0.9232467263936996 9.073166 8.407166
stress_1: 2.3474674 1.8198031 0.9205699414014816 9.056188 8.329274
stress_2: 3.267847 2.5121627 0.9091895446181297 9.488045 10.844107
stress_3: 1.9670682 1.5177798 0.8923645913600922 0.25942335 5.995727
stress_4: 1.8955604 1.4466599 0.8860476762056351 0.39627957 5.6153393
stress_5: 1.8616433 1.3943458 0.9059294238686562 0.06495167 6.0697327
