Property / RMSE / MAE / R2 / Mean / Std
energy: 568.1011 449.94083 0.9272961765527725 10360.837 2106.9148
forces: 311.7598 244.48732 0.9729648195207119 6.002907e-09 1896.0748
stress_all: 5.605257 3.9370656 0.9788694120943546 -25.708185 38.56024
stress_0: 10.541789 9.683563 -0.03400826454162598 -87.77223 10.3669815
stress_1: 10.534989 9.693929 -0.012827634811401367 -87.75365 10.468062
stress_2: 4.5507293 3.6881742 0.8808374032378197 -55.50884 13.182902
stress_3: 2.5655127 2.049076 0.9124598354101181 -0.11365082 8.671026
stress_4: 2.623779 2.097889 0.9092615097761154 -0.04500673 8.710267
stress_5: 2.550844 2.036999 0.9140135422348976 -0.010818343 8.698991
