Property / RMSE / MAE / R2 / Mean / Std
energy: 1075.5093 931.595 0.9921786608174443 -1477.804 12161.121
forces: 247.03995 183.40929 0.9646241031587124 -2.5431316e-08 1313.4497
stress_all: 2.385204 1.7996998 0.9183746948838234 3.2287452 8.34859
stress_0: 2.426097 1.9839423 0.9167245328426361 9.073166 8.407166
stress_1: 2.5904293 2.11517 0.9032771214842796 9.056188 8.329274
stress_2: 4.0526686 3.2363775 0.8603327572345734 9.488045 10.844107
stress_3: 1.9485639 1.5135887 0.8943801373243332 0.25942335 5.995727
stress_4: 1.881691 1.4506416 0.8877091035246849 0.39627957 5.6153393
stress_5: 1.9374037 1.4666737 0.8981171473860741 0.06495167 6.0697327
