Property / RMSE / MAE / R2 / Mean / Std
energy: 635.62695 545.35913 0.9972681468352675 -1477.804 12161.121
forces: 206.9017 149.81041 0.9751857481896877 -2.5431316e-08 1313.4497
stress_all: 2.1693532 1.64036 0.9324797093868256 3.2287452 8.34859
stress_0: 2.6191003 2.0021424 0.9029478803277016 9.073166 8.407166
stress_1: 2.4613574 1.9086536 0.9126757234334946 9.056188 8.329274
stress_2: 3.0916018 2.419223 0.9187207743525505 9.488045 10.844107
stress_3: 1.8853952 1.4680634 0.901117131114006 0.25942335 5.995727
stress_4: 1.8011703 1.3983777 0.8971136957406998 0.39627957 5.6153393
stress_5: 1.7721472 1.3501701 0.9147566556930542 0.06495167 6.0697327
