Property / RMSE / MAE / R2 / Mean / Std
energy: 558.93445 443.37088 0.9303288012742996 10893.254 2117.5527
forces: 302.03036 236.76721 0.975326657295227 8.212825e-09 1922.8112
stress_all: 7.9888697 5.573327 0.9588364660739899 -26.308807 39.375767
stress_0: 14.821971 14.229432 -0.9849321842193604 -89.28836 10.520421
stress_1: 14.728633 14.131578 -1.0424795150756836 -89.190575 10.305844
stress_2: 9.57032 8.526148 0.47617459297180176 -58.290207 13.223096
stress_3: 2.80675 2.2365386 0.8974867314100266 0.021127734 8.766248
stress_4: 2.8115995 2.2421608 0.8985147625207901 0.035202887 8.825758
stress_5: 2.7035172 2.1576974 0.9069416001439095 -0.061375313 8.8624
