Property / RMSE / MAE / R2 / Mean / Std
energy: 989.8951 861.79193 0.9877028660848737 -4196.062 8926.624
forces: 274.9283 208.32787 0.9597800299525261 5.6210325e-08 1370.8773
