Property / RMSE / MAE / R2 / Mean / Std
energy: 862.7773 751.2066 0.990658363327384 -4196.062 8926.624
forces: 242.2744 181.89679 0.9687667023390532 5.6210325e-08 1370.8773
