Property / RMSE / MAE / R2 / Mean / Std
energy: 801.0414 712.3167 0.9956612689420581 -1477.804 12161.121
forces: 221.22751 161.84692 0.9716305192559958 -2.5431316e-08 1313.4497
stress_all: 2.0579236 1.5579249 0.9392379745841026 3.2287452 8.34859
stress_0: 2.2522311 1.708586 0.9282326996326447 9.073166 8.407166
stress_1: 2.22561 1.7054509 0.9286023676395416 9.056188 8.329274
stress_2: 2.854128 2.226884 0.9307277426123619 9.488045 10.844107
stress_3: 1.8699609 1.4501294 0.9027294591069221 0.25942335 5.995727
stress_4: 1.808422 1.395834 0.8962835744023323 0.39627957 5.6153393
stress_5: 1.7901438 1.3442378 0.9130165278911591 0.06495167 6.0697327
