Property / RMSE / MAE / R2 / Mean / Std
energy: 1159.7485 1013.51666 0.9909054655581713 -1477.804 12161.121
forces: 287.34424 213.81683 0.9521394036710262 -2.5431316e-08 1313.4497
stress_all: 2.463358 1.8086745 0.9129379764199257 3.2287452 8.34859
stress_0: 2.6208563 1.9697229 0.9028176963329315 9.073166 8.407166
stress_1: 2.6496906 1.962781 0.8988010361790657 9.056188 8.329274
stress_2: 4.1996317 3.300005 0.8500194996595383 9.488045 10.844107
stress_3: 1.982841 1.5450358 0.8906315416097641 0.25942335 5.995727
stress_4: 1.9313496 1.4775236 0.881704069674015 0.39627957 5.6153393
stress_5: 1.9701504 1.5002207 0.8946439176797867 0.06495167 6.0697327
