Property / RMSE / MAE / R2 / Mean / Std
energy: 1676.498 1673.9692 -23.3857364654541 -17094.05 339.49637
forces: 134.71883 106.71411 0.9541544988751411 1.4899873e-08 629.18726
stress_all: 2.2165995 1.6293821 0.8801325261592865 -3.9020834 6.402308
stress_0: 1.8943406 1.7692373 0.4616217017173767 -12.798583 2.5817506
stress_1: 1.9206995 1.7893592 0.450922429561615 -12.825198 2.5920453
stress_2: 5.2859664 5.2469482 -0.2080618143081665 -9.411363 4.8092775
stress_3: 1.250497 0.99664587 0.8212130069732666 -0.0676284 2.9574316
stress_4: 1.2570326 1.0056018 0.8155310899019241 0.008020348 2.9267454
stress_5: 1.1646944 0.9271992 0.8486998230218887 0.017805612 2.994279
