Property / RMSE / MAE / R2 / Mean / Std
energy: 1506.2067 1503.7733 -25.4283447265625 -16947.754 292.98782
forces: 114.00229 89.64777 0.9669029414653778 5.5050887e-08 626.6411
stress_all: 2.2930822 1.3748878 0.8680564761161804 -3.8751602 6.312852
stress_0: 0.6708154 0.53095746 0.9237320125102997 -12.679887 2.4290245
stress_1: 0.67578346 0.5363718 0.924006961286068 -12.707118 2.4514365
stress_2: 6.303236 6.282009 -1.026129961013794 -9.337149 4.4282274
stress_3: 1.1449342 0.9136931 0.8562068194150925 -0.07426766 3.0193355
stress_4: 1.115205 0.8912643 0.8563962429761887 -0.012712028 2.9428751
stress_5: 0.88810444 0.70736855 0.9088366478681564 0.010835179 2.9413986
