Property / RMSE / MAE / R2 / Mean / Std
energy: 411.39127 347.1476 0.9011480584740639 -2496.5881 1308.4661
forces: 200.36174 157.58626 0.9807327892631292 9.629486e-08 1443.462
stress_all: 3.2208412 2.4037025 0.983095558360219 -16.395992 24.772448
stress_0: 3.2301216 2.5554316 0.786569818854332 -54.73705 6.991832
stress_1: 3.1995037 2.535095 0.7850765734910965 -54.759594 6.901456
stress_2: 6.4590893 5.6513467 0.7113422453403473 -37.981205 12.022082
stress_3: 2.3211205 1.8558567 0.8731158673763275 0.031565525 6.516194
stress_4: 2.3653595 1.8947167 0.8674419075250626 -0.05990683 6.4967184
stress_5: 2.1223762 1.6951498 0.9049707800149918 -0.014705408 6.884839
