Property / RMSE / MAE / R2 / Mean / Std
energy: 477.28156 474.13052 -1.6536896228790283 -16947.754 292.98782
forces: 75.73538 59.752705 0.9853930380195379 5.5050887e-08 626.6411
stress_all: 1.1268817 0.8860971 0.9681356213986874 -3.8751602 6.312852
stress_0: 1.079427 0.85924894 0.8025201559066772 -12.679887 2.4290245
stress_1: 1.1153405 0.88294625 0.792998418211937 -12.707118 2.4514365
stress_2: 1.2601876 1.0123532 0.9190138876438141 -9.337149 4.4282274
stress_3: 1.2629559 1.0102886 0.8250340223312378 -0.07426766 3.0193355
stress_4: 1.234316 0.98466647 0.8240824937820435 -0.012712028 2.9428751
stress_5: 0.7727723 0.6152079 0.9309767633676529 0.010835179 2.9413986
