Property / RMSE / MAE / R2 / Mean / Std
energy: 549.61774 490.9142 0.9962090589106083 -4196.062 8926.624
forces: 210.32753 155.34254 0.9764606188982725 5.6210325e-08 1370.8773
