Property / RMSE / MAE / R2 / Mean / Std
energy: 691.2189 554.5128 0.8923690319061279 10360.837 2106.9148
forces: 320.0519 251.32877 0.9715075436979532 6.002907e-09 1896.0748
stress_all: 5.887824 4.0951037 0.9766852855682373 -25.708185 38.56024
stress_0: 11.232831 10.360218 -0.17401564121246338 -87.77223 10.3669815
stress_1: 11.223916 10.365952 -0.14962494373321533 -87.75365 10.468062
stress_2: 4.107306 3.3016922 0.9029284343123436 -55.50884 13.182902
stress_3: 2.6769583 2.143812 0.9046891778707504 -0.11365082 8.671026
stress_4: 2.7228253 2.1685808 0.9022815525531769 -0.04500673 8.710267
stress_5: 2.6282797 2.1016445 0.9087137430906296 -0.010818343 8.698991
