Property / RMSE / MAE / R2 / Mean / Std
energy: 560.15674 483.69107 0.8167288154363632 -2496.5881 1308.4661
forces: 243.9202 191.58806 0.9714448284357786 9.629486e-08 1443.462
stress_all: 3.2261205 2.3417645 0.9830400981009007 -16.395992 24.772448
stress_0: 3.154319 2.4856367 0.7964696139097214 -54.73705 6.991832
stress_1: 3.1377249 2.481683 0.7932963073253632 -54.759594 6.901456
stress_2: 6.7937417 5.806372 0.6806560754776001 -37.981205 12.022082
stress_3: 2.1640177 1.7344701 0.8897106423974037 0.031565525 6.516194
stress_4: 2.1705744 1.7292814 0.888375036418438 -0.05990683 6.4967184
stress_5: 2.113289 1.6873425 0.9057827964425087 -0.014705408 6.884839
